3,2
3,1
3,3
10,117
10,143
10,195
10,157
10,151
11,10
9,5
9,1
9,7
9,2
9,3
8,8
8,10
40,3
40,2
40,1
40,0
20,3
20,2
20,1
19,3
19,2
19,1
12,3
12,2
12,1
11,28
11,26
11,25
11,24
11,23
11,22
11,21
11,20
11,19
11,18
11,17
11,16
11,15
18,1
11,14
18,3
11,13
11,12
11,11
11,9
11,8
11,7
11,5
11,4
14,1
11,3
14,3
11,2
13,1
11,1
13,3
10,294
10,292
10,286
10,285
10,273
10,266
10,265
10,247
10,245
10,243
10,242
10,241
10,235
10,223
10,211
10,207
10,205
10,203
10,199
10,192
10,189
10,187
10,185
10,183
10,167
10,161
10,155
10,149
10,145
10,141
10,127
10,121
10,111
10,97
10,83
